2.8815092973e+02
2.8222136781e+02
2.5024006239e+02
2.8259816142e+02
2.7617150199e+02
2.8647858720e+02
2.6261601258e+02
3.1125272715e+02
2.9321354826e+02
2.7994330287e+02
2.8503897603e+02
2.7928326750e+02
3.0251286633e+02
2.8035464133e+02
3.0200869920e+02
2.7938341926e+02
2.8214057463e+02
2.8497105219e+02
2.9007567687e+02
2.8562505477e+02
2.7047776560e+02
2.8440759144e+02
2.9337106074e+02
2.7878458542e+02
2.6327004117e+02
2.5826576613e+02
2.7620791905e+02
2.6827540914e+02
2.7405434970e+02
2.6129409309e+02
2.6293204836e+02
2.8217931270e+02
3.0187984617e+02
2.9055751977e+02
2.9784666723e+02
3.0101072508e+02
2.7991223775e+02
2.9910490506e+02
2.6739939591e+02
2.4879307815e+02
2.8640321379e+02
2.8739877612e+02
2.8388161059e+02
2.6776939581e+02
2.8497194367e+02
2.7401184222e+02
2.8814751681e+02
2.9140762551e+02
2.7294249921e+02
2.6624170458e+02
2.8893968451e+02
2.5329021939e+02
2.7836351157e+02
2.7207299919e+02
2.7902939154e+02
2.8411955721e+02
2.6717229903e+02
2.8329879636e+02
2.9412864534e+02
2.9632384395e+02
2.7581071779e+02
2.7720384501e+02
2.6819700276e+02
2.9153402544e+02
2.8515410496e+02
2.6551211847e+02
2.8347193626e+02
2.8667357703e+02
2.7571688646e+02
2.5997428653e+02
2.7721552452e+02
2.7142532214e+02
2.6307213108e+02
3.0848707722e+02
2.8503253167e+02
2.7987309780e+02
2.7590834352e+02
3.1503665889e+02
2.7304693752e+02
2.8758318957e+02
2.5407084273e+02
2.9022173373e+02
2.7064081311e+02
2.9102419374e+02
2.7309959808e+02
2.5308987660e+02
2.7858902184e+02
2.7280812951e+02
3.0273915078e+02
2.4640766229e+02
2.8738785447e+02
2.8115078907e+02
2.6257275336e+02
2.7840025809e+02
2.8383291681e+02
2.7904915149e+02
2.9597878407e+02
2.9959562400e+02
2.7811330659e+02
2.8871993979e+02
